Navegadores;solution_20170108_firefox_50_1_0_macs;solution_20170108_safari_10_0_2_macs;solution_20170108_firefox_47_0_linuxes;solution_20170108_chromium_51_0_2704_79_linuxes;solution_20170108_firefox_50_1_0_androids;solution_20170108_chrome_55_0_2883_95_macs;solution_20170108_edge_14_14393;solution_20170108_chrome_55_0_2883_87_windows
MSE;0,0009493513829589268;0,006406922072339689;0,0007249178498228936;0,001026530216915779;0,0007890883632581075;1000000;0,0058465382017162115;0,0013579124576204088
MSE;0,0007606589988655504;0,003929611042487073;0,0009823874486386568;0,0006319890576181027;0,0008038564665817584;1000000;0,07931389173741536;0,0006885769096994687
MSE;0,0007873116378926021;0,1554068868069602;0,0011199688407754398;1000000;0,0007548643665789295;1000000;0,005990164794507134;1000000
MSE;0,0006682004088092183;0,007751493731131178;0,0006564880167540091;1000000;0,0007262722842121085;0,0015664512776802748;0,013551824767293604;0,0006990149689083296
MSE;0,0006534397367586147;0,015090631815657361;0,0007677495529023655;1000000;0,001140211853490836;0,0008364475675933338;0,02192928002286411;1000000
MSE;0,0014597080860488897;0,01482250252565365;0,0009204553891601163;0,0006511781941293363;0,0008032765357354194;1000000;0,015649612691954234;1000000
MSE;0,0006597555982290933;0,09953645636248257;0,000732455755806034;0,0007190611821683033;0,0006723758294904073;1000000;0,009709289803439684;1000000
MSE;0,0007127933118592024;0,26804679688002736;0,0007872715922789686;0,0006910924064088439;0,0006608928196856524;1000000;0,02259651166931201;1000000
MSE;0,0013601676060519049;0,012283999868664148;0,0008558281113122288;1000000;0,0016197385991695442;1000000;0,008513233296527555;0,0006965416059347947
MSE;0,000717376066719164;0,01577081567751186;0,0009262560519709634;1000000;0,0012553584553679318;1000000;0,013346490174264588;0,0023682411251200472
Navegadores;solution_20170108_firefox_50_1_0_macs;solution_20170108_safari_10_0_2_macs;solution_20170108_firefox_47_0_linuxes;solution_20170108_chromium_51_0_2704_79_linuxes;solution_20170108_firefox_50_1_0_androids;solution_20170108_chrome_55_0_2883_95_macs;solution_20170108_edge_14_14393;solution_20170108_chrome_55_0_2883_87_windows
RMSE;0,030811546260435013;0,080043251260426;0,026924298501964608;0,03203951024775159;0,028090716673985154;1000000;0,07646265887161008;0,03684986373950939
RMSE;0,02758004711499874;0,06268660975429341;0,031343060613773135;0,02513939254672043;0,028352362627861515;1000000;0,28162722122943895;0,026240749030838825
RMSE;0,028059074074042466;0,39421680178165946;0,033465935528167144;1000000;0,02747479511441222;1000000;0,07739615490776744;1000000
RMSE;0,025849572700708583;0,08804256772227385;0,02562202210509563;1000000;0,026949439404412637;0,03957841934287264;0,11641230505102802;0,026438891219344462
RMSE;0,025562467344890923;0,12284393275883576;0,027708293937057284;1000000;0,03376702316596528;0,02892140327842572;0,14808538085464112;1000000
RMSE;0,038206126289495636;0,12174770028897322;0,030339007715482657;0,0255181933947005;0,028342133577686408;1000000;0,12509841202810784;1000000
RMSE;0,02568570805387878;0,3154939878388851;0,027063919815984418;0,02681531618624519;0,025930210749054997;1000000;0,09853572856299224;1000000
RMSE;0,026698189299261522;0,5177323602789644;0,02805836047025857;0,0262886364501631;0,025707835764327818;1000000;0,15032136132071186;1000000
RMSE;0,03688045018776079;0,11083320742748605;0,0292545400119747;1000000;0,04024597618606789;1000000;0,09226718428849746;0,02639207468038075
RMSE;0,0267838769919361;0,12558190824124255;0,030434455013536275;1000000;0,035431038022727075;1000000;0,11552701058308654;0,04866457772466589
Navegadores;solution_20170108_firefox_50_1_0_macs;solution_20170108_safari_10_0_2_macs;solution_20170108_firefox_47_0_linuxes;solution_20170108_chromium_51_0_2704_79_linuxes;solution_20170108_firefox_50_1_0_androids;solution_20170108_chrome_55_0_2883_95_macs;solution_20170108_edge_14_14393;solution_20170108_chrome_55_0_2883_87_windows
MAE;0,024409440875712833;0,06659167357761858;0,021445589192594174;0,025491807949865285;0,02270190792406997;1000000;0,06519885595899773;0,030372539494102326
MAE;0,02156751369624425;0,053902467698479124;0,025238407649966238;0,02011003544595665;0,022213998192604886;1000000;0,24390563165744392;0,020492638743096193
MAE;0,020965869853302656;0,3248370054692949;0,027556429997714536;1000000;0,021111811203538073;1000000;0,0676386126369686;1000000
MAE;0,020418140567182344;0,07523003834270776;0,02013289819952195;1000000;0,02060810205849144;0,03187735597009244;0,10282937693866816;0,02115225372244127
MAE;0,019589621372559637;0,09282555669584544;0,022118648273792372;1000000;0,02675617502016734;0,023548727905954563;0,13609289759344045;1000000
MAE;0,029878145942619953;0,09077098199670332;0,02349667687540314;0,020285175395260542;0,022436897719047284;1000000;0,09498081559845102;1000000
MAE;0,020114882743556356;0,27429320886184894;0,021534642699430548;0,020165087444880585;0,020974232342958202;1000000;0,0761904503824934;1000000
MAE;0,02013020219888057;0,4348330328174612;0,021088196846140113;0,02016904556350776;0,020313556731313055;1000000;0,11470690306570115;1000000
MAE;0,029667608229824925;0,08420699663432026;0,021911188824837845;1000000;0,032637322898403064;1000000;0,07886553260190458;0,0199543889174601
MAE;0,02009863635952712;0,09445662266020605;0,023949095341885305;1000000;0,028306362578784102;1000000;0,0902339877572545;0,03950448840228613
Navegadores;solution_20170108_firefox_50_1_0_macs;solution_20170108_safari_10_0_2_macs;solution_20170108_firefox_47_0_linuxes;solution_20170108_chromium_51_0_2704_79_linuxes;solution_20170108_firefox_50_1_0_androids;solution_20170108_chrome_55_0_2883_95_macs;solution_20170108_edge_14_14393;solution_20170108_chrome_55_0_2883_87_windows
MdAE;0,020838022250736277;0,05849270063084733;0,01674834970443917;0,020548666844818708;0,019014018687892653;1000000;0,06213775231000396;0,026978942853495447
MdAE;0,017580725752738724;0,05253191221957998;0,02148769048551724;0,01745246518820376;0,018032821775286756;1000000;0,2744850146637954;0,01721280839894601
MdAE;0,0151449364375007;0,3350458491984156;0,02511169917769296;1000000;0,01553754346117886;1000000;0,07272766757486893;1000000
MdAE;0,016854798945997507;0,07766975723434233;0,015344020741561604;1000000;0,01567797875006871;0,028247833454856597;0,10601398696184972;0,01793974528664255
MdAE;0,015266174801904953;0,06750026330786807;0,018779215936082005;1000000;0,021649472559933436;0,021137312110731887;0,15149174592665582;1000000
MdAE;0,024253304394569408;0,06602615950492963;0,019151518460109873;0,01706586338420557;0,019027801379252196;1000000;0,06800164237276585;1000000
MdAE;0,01623397494439649;0,30718032752385516;0,01754141102465656;0,01593299823652239;0,018296150190704186;1000000;0,060702902606309284;1000000
MdAE;0,016583003689360387;0,48422600127276105;0,016367139535674813;0,015007772800970098;0,017237590895808896;1000000;0,08509896162797803;1000000
MdAE;0,024643077047763473;0,06493356736334421;0,017026387104728258;1000000;0,027884283731108184;1000000;0,0750153523507473;0,014982488701085206
MdAE;0,014479494423465633;0,06913956460860016;0,019879661242860225;1000000;0,02291603992266822;1000000;0,06707175106786334;0,035911215069703406
Navegadores;solution_20170108_firefox_50_1_0_macs;solution_20170108_safari_10_0_2_macs;solution_20170108_firefox_47_0_linuxes;solution_20170108_chromium_51_0_2704_79_linuxes;solution_20170108_firefox_50_1_0_androids;solution_20170108_chrome_55_0_2883_95_macs;solution_20170108_edge_14_14393;solution_20170108_chrome_55_0_2883_87_windows
MAPE;1,3020803830754857;3,7625244764610275;1,1595618937685412;1,3951780079361247;1,2464276891378563;1000000;3,613760018478106;1,7051218258024736
MAPE;1,1008462851559324;2,8565481311634557;1,4275508286680934;1,0808724599635697;1,1917078479692174;1000000;14,38792391302686;1,08798674433728
MAPE;1,0963794681407375;19,522271200948634;1,494333668047469;1000000;1,1034039142861627;1000000;3,6617665393617105;1000000
MAPE;1,0992810565558577;3,861897846443941;1,0723008071200613;1000000;1,0841432023404796;1,7965593200162282;5,533844515199482;1,1212277408154223
MAPE;1,0313238051053624;5,510099630440849;1,188476117817306;1000000;1,4089552990591183;1,276819559524075;7,670957395499499;1000000
MAPE;1,582893155517559;5,432924912979708;1,2233123119723437;1,0828828831282482;1,1961850579439173;1000000;5,61376975427952;1000000
MAPE;1,047021455950174;16,1536562036665;1,1168988867780767;1,0575272594248872;1,143351448736197;1000000;4,474201122360323;1000000
MAPE;1,0542237407311787;25,9636663598399;1,103846120146498;1,0588169269763659;1,067931892060088;1000000;6,856497364127377;1000000
MAPE;1,6225680851515787;4,987955597487595;1,1435316229909689;1000000;1,7836052769242035;1000000;4,396587374747782;1,0448801840561661
MAPE;1,0488514912905864;5,624766408898983;1,2881587052608228;1000000;1,5471649225425625;1000000;5,270443722266669;2,250012356526715
Navegadores;solution_20170108_firefox_50_1_0_macs;solution_20170108_safari_10_0_2_macs;solution_20170108_firefox_47_0_linuxes;solution_20170108_chromium_51_0_2704_79_linuxes;solution_20170108_firefox_50_1_0_androids;solution_20170108_chrome_55_0_2883_95_macs;solution_20170108_edge_14_14393;solution_20170108_chrome_55_0_2883_87_windows
MdAPE;1,1442762103810438;2,934158422022273;0,896725722134728;1,1170292495728547;1,0358787471891466;1000000;3,139883164408733;1,4411195229073734
MdAPE;0,9720329860352501;2,9547105549339965;1,1245455828588262;0,9178514677497422;0,9099598366354412;1000000;14,929988418509923;0,8972534224925066
MdAPE;0,7809554885632053;18,325540075393295;1,2717954652130448;1000000;0,8504318756767641;1000000;3,8291387801578427;1000000
MdAPE;0,8892516452844927;4,084411357817197;0,8482783377476258;1000000;0,8375197113152524;1,3639429319961769;5,503348843665769;0,9584844626668021
MdAPE;0,8079517230699765;3,2531466824938646;1,0501004276630825;1000000;1,2030544884535697;1,095755692040257;9,30859297216701;1000000
MdAPE;1,3400942137964864;3,1250652533682906;1,0137583397440817;0,8908033300201673;0,9544761561783605;1000000;3,42747717522577;1000000
MdAPE;0,8546242504655417;16,665104295682582;0,9244642047206532;0,8371927906090674;0,9132516239389522;1000000;2,912722529335911;1000000
MdAPE;0,8403945773206863;26,430107596351785;0,8237054004508436;0,8771733580256794;0,9392056406219809;1000000;3,8913283051973693;1000000
MdAPE;1,331908623287115;3,049965297166386;0,9275069013945797;1000000;1,4536896619034603;1000000;3,904418408363291;0,7709095892144515
MdAPE;0,7734391624067117;3,289817338996183;0,9809158992979236;1000000;1,2465245381411543;1000000;3,396427931157695;1,5730837306529732
Navegadores;solution_20170108_firefox_50_1_0_macs;solution_20170108_safari_10_0_2_macs;solution_20170108_firefox_47_0_linuxes;solution_20170108_chromium_51_0_2704_79_linuxes;solution_20170108_firefox_50_1_0_androids;solution_20170108_chrome_55_0_2883_95_macs;solution_20170108_edge_14_14393;solution_20170108_chrome_55_0_2883_87_windows
RMSPE;1,6365232758235635;4,774948473345831;1,4659488003021917;1,7690221784375877;1,587226899668475;1000000;4,4028060804060365;2,1246617781737926
RMSPE;1,3808013154935668;3,300467695056931;1,8672860032261545;1,3599781597081968;1,513934694982066;1000000;17,327518775339808;1,3895494838537463
RMSPE;1,4479552186836115;24,741903189985603;1,841534230802107;1000000;1,4216725912284822;1000000;4,236238840657642;1000000
RMSPE;1,3998882765638563;4,410900600064044;1,3585269686219248;1000000;1,4001269480372496;2,3068674299647283;6,285016508703981;1,4027278637364997
RMSPE;1,340751190271408;7,803175575264832;1,4849416978533343;1000000;1,766772381397626;1,603558238984014;8,53318299997335;1000000
RMSPE;1,997788998929284;7,786334857689693;1,563976518869561;1,3721271603041028;1,5111284705143837;1000000;7,916063145306234;1000000
RMSPE;1,3315628526355123;19,390473178890467;1,3933111366888977;1,3851148388689896;1,4458765593902985;1000000;6,195831832646066;1000000
RMSPE;1,3808436368677788;32,19989812360268;1,4521335905042876;1,371341015829493;1,3497055226325858;1000000;9,595110056113658;1000000
RMSPE;2,026644459687625;7,02976403534468;1,5074184909144592;1000000;2,2075184829512216;1000000;5,366839823169414;1,370958233893369
RMSPE;1,3819559190925588;7,997918488065287;1,633012477490427;1000000;1,9451202574162134;1000000;7,2337442289710525;2,9067624190456764
Navegadores;solution_20170108_firefox_50_1_0_macs;solution_20170108_safari_10_0_2_macs;solution_20170108_firefox_47_0_linuxes;solution_20170108_chromium_51_0_2704_79_linuxes;solution_20170108_firefox_50_1_0_androids;solution_20170108_chrome_55_0_2883_95_macs;solution_20170108_edge_14_14393;solution_20170108_chrome_55_0_2883_87_windows
RMdSPE;1,1442762103810438;2,934158422022273;0,896725722134728;1,1170292495728547;1,0358787471891466;1000000;3,139883164408733;1,4411195229073734
RMdSPE;0,9720329860352501;2,9547105549339965;1,1245455828588262;0,9178514677497422;0,9099598366354412;1000000;14,929988418509923;0,8972534224925066
RMdSPE;0,7809554885632053;18,325540075393295;1,2717954652130448;1000000;0,8504318756767641;1000000;3,8291387801578427;1000000
RMdSPE;0,8892516452844927;4,084411357817197;0,8482783377476258;1000000;0,8375197113152524;1,3639429319961769;5,503348843665769;0,9584844626668021
RMdSPE;0,8079517230699765;3,2531466824938646;1,0501004276630825;1000000;1,2030544884535697;1,095755692040257;9,30859297216701;1000000
RMdSPE;1,3400942137964864;3,1250652533682906;1,0137583397440817;0,8908033300201673;0,9544761561783605;1000000;3,42747717522577;1000000
RMdSPE;0,8546242504655417;16,665104295682582;0,9244642047206532;0,8371927906090674;0,9132516239389522;1000000;2,912722529335911;1000000
RMdSPE;0,8403945773206863;26,430107596351785;0,8237054004508436;0,8771733580256794;0,9392056406219809;1000000;3,8913283051973693;1000000
RMdSPE;1,331908623287115;3,049965297166386;0,9275069013945797;1000000;1,4536896619034603;1000000;3,904418408363291;0,7709095892144515
RMdSPE;0,7734391624067117;3,289817338996183;0,9809158992979236;1000000;1,2465245381411543;1000000;3,396427931157695;1,5730837306529732
Navegadores;solution_20170108_firefox_50_1_0_macs;solution_20170108_safari_10_0_2_macs;solution_20170108_firefox_47_0_linuxes;solution_20170108_chromium_51_0_2704_79_linuxes;solution_20170108_firefox_50_1_0_androids;solution_20170108_chrome_55_0_2883_95_macs;solution_20170108_edge_14_14393;solution_20170108_chrome_55_0_2883_87_windows
sMAPE;1,3009886435713807;3,843403682026396;1,1527302706649936;1,3986080846030862;1,2442521315823332;1000000;3,668423394959215;1,7189507634536338
sMAPE;1,1058699823979148;2,8448870100346086;1,4173324100419697;1,0766317363500946;1,1835986176300908;1000000;13,073846544904624;1,0882016821493312
sMAPE;1,0921722299245897;16,9476778986056;1,5025448255629827;1000000;1,1017177372843487;1000000;3,6694343178455053;1000000
sMAPE;1,0947103448870468;3,829003128506959;1,0670744718260483;1000000;1,0781049010283208;1,809821111250074;5,380700212875653;1,123565564149646
sMAPE;1,0321380469327317;5,822269841584042;1,1802988600709197;1000000;1,3974123103620715;1,274235989693066;7,355349909971879;1000000
sMAPE;1,5710922510445025;5,742976064396693;1,218135157523115;1,0839175061458577;1,200499030806821;1000000;5,936147191004161;1000000
sMAPE;1,0518224877060722;14,535195038179502;1,122801573950296;1,0530516593175185;1,1398145660924268;1000000;4,657867895927335;1000000
sMAPE;1,0528236425647088;21,768704627405324;1,0996508533613543;1,0564278613523579;1,0721863244636685;1000000;7,352853932931804;1000000
sMAPE;1,6226494466563146;5,2326963031071445;1,13642020585903;1000000;1,7817108575286476;1000000;4,475037338817528;1,0412823566032492
sMAPE;1,0438614949285776;5,955543421768273;1,2878703886250789;1000000;1,5482972175863858;1000000;5,521020046902903;2,2769412987616375
Navegadores;solution_20170108_firefox_50_1_0_macs;solution_20170108_safari_10_0_2_macs;solution_20170108_firefox_47_0_linuxes;solution_20170108_chromium_51_0_2704_79_linuxes;solution_20170108_firefox_50_1_0_androids;solution_20170108_chrome_55_0_2883_95_macs;solution_20170108_edge_14_14393;solution_20170108_chrome_55_0_2883_87_windows
sMdAPE;1,1394393877065923;2,9020854222368575;0,8927230833766915;1,1233030614517363;1,0305411687152686;1000000;3,158030275775431;1,4323562913805414
sMdAPE;0,9767802993908365;2,9703774890315726;1,128307406851257;0,9145527697188935;0,9058384535792559;1000000;13,892885332909778;0,9012968810485196
sMdAPE;0,7840169000693827;16,787353480554795;1,2793390440010608;1000000;0,8540634897544588;1000000;3,8208762181752958;1000000
sMdAPE;0,8906813915411327;4,0026686317124724;0,8446956526270601;1000000;0,8340271404656927;1,3733085041344995;5,40053560931184;0,9585519161035179
sMdAPE;0,8112288919753547;3,296505847506121;1,0521161771857495;1000000;1,1958610583842892;1,091529982454261;8,894611386934152;1000000
sMdAPE;1,3337483065211957;3,1328554748786432;1,018923048433617;0,8947887339394563;0,9590531228697986;1000000;3,4872393414628355;1000000
sMdAPE;0,8582918355487242;15,383284123999717;0,9287572187386521;0,8407119806549824;0,9153906213629004;1000000;2,883505004333809;1000000
sMdAPE;0,8368780384935425;23,34504706721044;0,8271118830751741;0,8803065958206122;0,9436369865241961;1000000;3,9685428202311357;1000000
sMdAPE;1,3274725126218498;3,0886866504506547;0,9318282872311878;1000000;1,4521378768787745;1000000;3,8521489990098736;0,7738925953282545
sMdAPE;0,7704596440977162;3,340475184372874;0,9857505914373398;1000000;1,2449280364848387;1000000;3,4053459469940157;1,584540359253958
Navegadores;solution_20170108_firefox_50_1_0_macs;solution_20170108_safari_10_0_2_macs;solution_20170108_firefox_47_0_linuxes;solution_20170108_chromium_51_0_2704_79_linuxes;solution_20170108_firefox_50_1_0_androids;solution_20170108_chrome_55_0_2883_95_macs;solution_20170108_edge_14_14393;solution_20170108_chrome_55_0_2883_87_windows
MASE;1,33369991473447;3,642150401573385;1,1703814587830408;1,3938391325702382;1,2338249011999955;1000000;3,565240531164426;1,66053838557455
MASE;1,1701862052145826;2,9481752928947653;1,372690796812278;1,0952865986546272;1,21425562459804;1000000;13,339803611437315;1,1168607411384817
MASE;1,1467003052213798;17,766387440957477;1,5030745699851835;1000000;1,1523604916984425;1000000;3,69788007821736;1000000
MASE;1,1131713418698026;4,1045625049417005;1,0981275561155128;1000000;1,1261225945590214;1,743512989240349;5,621861374984698;1,146873191695835
MASE;1,0684315290364106;5,0752130470289085;1,2080001368298645;1000000;1,4622674960833186;1,278311462639008;7,441771762416205;1000000
MASE;1,6301866952924933;4,964651386493592;1,2829322009191744;1,1022200014194345;1,224481044182195;1000000;5,191890795773866;1000000
MASE;1,091254431104809;15,002064547794113;1,1694180808530013;1,1020909840588227;1,1399823116211314;1000000;4,166759108849088;1000000
MASE;1,0996833405424626;23,77665937280403;1,1527025632065762;1,1002007597611883;1,1027592866775617;1000000;6,267998461734481;1000000
MASE;1,6200353305887736;4,605724592178743;1,1983294672966789;1000000;1,7813295716210282;1000000;4,311691474921997;1,0893889094258122
MASE;1,0982213945886923;5,164301070087033;1,3094155109476637;1000000;1,5461002381401574;1000000;4,935375542898259;2,1605184505538366
Navegadores;solution_20170108_firefox_50_1_0_macs;solution_20170108_safari_10_0_2_macs;solution_20170108_firefox_47_0_linuxes;solution_20170108_chromium_51_0_2704_79_linuxes;solution_20170108_firefox_50_1_0_androids;solution_20170108_chrome_55_0_2883_95_macs;solution_20170108_edge_14_14393;solution_20170108_chrome_55_0_2883_87_windows
RMSSE;1,6810553907467711;4,367405264867625;1,4686011064480637;1,7481624207963593;1,5285544590525892;1000000;4,172020262398755;2,010616727350482
RMSSE;1,4987189511794523;3,420373830077145;1,7065686039907042;1,370065714965791;1,5469548275608833;1000000;15,366442508157267;1,4306294132027149
RMSSE;1,5309891392765065;21,509676702561762;1,8250399963329988;1000000;1,4987273250712216;1000000;4,222906445621293;1000000
RMSSE;1,409482193678627;4,801654500056059;1,3973314378897386;1000000;1,4703677057166038;2,159520021731987;6,351717246217201;1,4353478931872086
RMSSE;1,394088742200273;6,702685879872297;1,5116320195161366;1000000;1,8423558264705384;1,5718944439890556;8,079948130036273;1000000
RMSSE;2,0838493727668728;6,642928140480824;1,6550808880659518;1,3884198231433336;1,54594357574511;1000000;6,825606742495795;1000000
RMSSE;1,3956101573108242;17,214319061245774;1,4717293792646295;1,4630756580008373;1,4110418012642596;1000000;5,37640699114577;1000000
RMSSE;1,456607256740142;28,248904159078045;1,53091505653253;1,433762765040724;1,3976335245286324;1000000;8,201552589321805;1000000
RMSSE;2,0119525387037567;6,047400053103402;1,5962167255058994;1000000;2,1952737059855534;1000000;5,034308060868128;1,4397397892619395
RMSSE;1,4613282776864553;6,852072110727513;1,6605824972200434;1000000;1,9329853767344014;1000000;6,303508363618268;2,6552873132123707
Navegadores;solution_20170108_firefox_50_1_0_macs;solution_20170108_safari_10_0_2_macs;solution_20170108_firefox_47_0_linuxes;solution_20170108_chromium_51_0_2704_79_linuxes;solution_20170108_firefox_50_1_0_androids;solution_20170108_chrome_55_0_2883_95_macs;solution_20170108_edge_14_14393;solution_20170108_chrome_55_0_2883_87_windows
MdASE;1,1498364893325133;3,200807264607208;0,9117420217282639;1,1258473613681392;1,0317312878995692;1000000;3,3879608270455863;1,4806892615722473
MdASE;0,9520507932679838;2,8619392813886773;1,1639473196881651;0,9466175422287401;0,9887278392614615;1000000;14,993796976706669;0,9390836525726949
MdASE;0,8245415804441556;18,266133752694696;1,3725956893506992;1000000;0,8524913055636034;1000000;3,972827778347183;1000000
MdASE;0,9372185560954458;4,235984911395746;0,8376369564759986;1000000;0,8559025997518603;1,560142681883222;5,772792179132994;0,9757714538390303
MdASE;0,8400547101710153;3,6879271293223956;1,0224755061191204;1000000;1,1805015890376807;1,149366847434695;8,254073829667753;1000000
MdASE;1,3276236956178284;3,597074302529137;1,0447401422452924;0,9261840387248561;1,0394150433019522;1000000;3,725172841709221;1000000
MdASE;0,8828206687548568;16,734940763335416;0,9529129694043004;0,8759204323848322;0,9955534174303236;1000000;3,309099258452058;1000000
MdASE;0,9027593869751396;26,399659947565528;0,8949491334164528;0,8206148585011095;0,934326109513578;1000000;4,667186731949412;1000000
MdASE;1,3448446990903247;3,5407785825932603;0,9349357094293134;1000000;1,5195081046731778;1000000;4,09026626063695;0,8184474512488844
MdASE;0,7957382843648798;3,7905405145433795;1,0832187044628356;1000000;1,2629962648870863;1000000;3,6719868138832044;1,977093610701044
